0,1,2,3,4,5,6,7,8,9,10,11,12,13,14,15,16,17,18,19,20,21,22,23,24,25,26,27,28,29,30,31,32,33,34,35,36,37,38,39,40,41
-2.0886616706291874,-0.5860344851513463,-0.5703773455282014,-33.61053208812683,104.63203170879605,-5.536102064574832,-2.402869133445319,-4.4272025356415154,-3.1977458684475755,-9.721652312075678,38.91108274646405,-135.25264264266173,1.8093559265971686,-0.8434527382147072,-0.5569246187231667,35.16824953896572,-37.21663961055784,13.417161584310687,-0.22908849215481353,-1.2199294720393814,-0.3679141052114688,-0.2334136860640508,51.95141056521806,-117.65452896114068,-0.027128162453296644,-0.7349152559693383,0.8496354425907757,-173.00458313051718,12.610517174402839,26.876582884371672,-0.42663251921928097,-0.9079951892976547,0.0009487212544635782,2.6260540327650337,64.66866111811075,-64.28054696988463,0.1758888371712171,-0.8404948558905374,0.10269234852630921,-9.979168489577697,8.572194445210162,-13.246188336724785
-1.6116708988403559,-0.7800434506745197,-0.4901867728104592,-47.01135839808384,93.05073893170575,32.49691690806477,-1.8490090735210891,-3.566001803550621,-2.494533365612545,-84.74134607069402,60.603114800456,-111.04978460669625,1.7064311273294426,-0.8674576732350302,-0.4134227000492891,14.28853485067417,-18.962413633706564,-11.433738639433697,-0.2819986145630811,-1.2818682261738117,-0.3915951541008285,-1.3014662151847947,55.452378957579896,-123.95330892147446,-0.02354611436370355,-0.7315768142817888,0.8669221470220593,-191.7947079367537,14.824789853558274,29.61201683229314,-0.3603878848656269,-0.8985847286652359,-0.0023229890425679432,5.717448942066425,55.04687864172728,-59.83530487914733,0.1822130313092758,-0.9152976070271797,0.10860994591465883,-13.48160148580631,15.626155178278262,-11.60969237350228
-1.1257892111499752,-0.9745355484249383,-0.3948302075790271,-60.05875628073681,81.55195865192553,68.78795786028262,-1.3594495254759036,-2.68936201084106,-1.694491966460936,-159.47916704006727,81.62780866627322,-86.64659198132101,1.5862488604991227,-0.8906710784400524,-0.27497243574445857,-7.008827354936462,-0.9649140211479748,-34.42291957386646,-0.3431547927886837,-1.352063311872438,-0.41681500053673987,-2.366869298313188,59.27204771096771,-130.84884065872203,-0.022687823748355124,-0.7261185495172913,0.8866659438066251,-212.65227399531142,16.84999538343643,32.447695660990725,-0.29244289646324073,-0.8910630513528671,-0.005652042709861588,8.641289617232015,45.21673497970664,-54.44482293522506,0.18329289726075174,-0.9937048085497651,0.1144505944084462,-17.016504896459413,22.914690496754254,-9.878074635854377
-0.6991356720853863,-1.14379407853641,-0.2838313670965272,-70.39615999417822,71.32742849174406,96.07885030606332,-1.0468378740351618,-1.9305613945918307,-0.88481068155226,-219.10751549117688,96.75414825392883,-65.23070504163039,1.4538039725540026,-0.9087739514214577,-0.1690446178375877,-25.293928625801186,13.6367436279317,-50.33406072235403,-0.4049698274232437,-1.4209929558506753,-0.44044927540312523,-3.317467151646131,62.76411812198525,-137.66894280394803,-0.0263941962753968,-0.7192557172405368,0.9073285142791051,-233.50536049224968,18.183015559192302,34.87375865837342,-0.23137731637333306,-0.8866960992821725,-0.009571925663609046,10.840404000919245,36.44522137610911,-48.17141131990598,0.17503538723709514,-1.0656298413757774,0.1203905798278554,-19.959077469898588,29.433465136926156,-8.21622427656472
-0.3155289556787799,-1.30248893328375,-0.1475950483145739,-77.89855085825445,61.3939235093521,114.12857690062367,-0.894334418930653,-1.314888225481708,-0.11986424613531217,-263.4927300801925,105.72614734542879,-44.95432307671637,1.3043393507608871,-0.9263060407784843,-0.09732489480115324,-40.80122441723003,25.45028407931358,-58.2436389366224,-0.4682974525677338,-1.4905103363167218,-0.4631543273764679,-4.242185299171945,66.00421043015318,-144.64962587785902,-0.03448726042315354,-0.7128166862641679,0.9308235262196872,-255.5122787529875,18.78903766486216,36.83697170112032,-0.17749846336976322,-0.885683510183663,-0.01443459256098855,12.368563845216253,28.731148754657344,-40.46589390352739,0.15634557514718492,-1.1334418557781163,0.12851107400975614,-22.341520897598656,35.276767857573894,-6.510570077963292
0.016264556899012374,-1.4563588861197563,0.01438441721695249,-81.72189821416706,51.43693730918629,122.34253585484412,-0.8846736819821869,-0.8945439868760342,0.5004970145675315,-293.5732721094729,109.1107590266755,-24.81081376614394,1.1430764035787824,-0.9512850842925075,-0.06409755358198635,-53.22750703468237,34.87406970657592,-57.29883216156119,-0.5290210332020008,-1.5578484418108718,-0.4847084870985386,-5.196422464293616,68.85403705010233,-151.58410407548607,-0.04556721060456866,-0.7085627262116859,0.9573795626550562,-278.3463484592868,18.608594745501243,38.188605674021915,-0.13448890021735127,-0.8875225861195964,-0.020548707403748864,13.281119015319208,22.464221590377015,-31.344718989514465,0.1280808214220045,-1.195313946299963,0.14000005888411007,-24.04052820997001,40.18574777167301,-4.737835914502039
0.2934858001447548,-1.6103023219611472,0.19190150831561986,-81.7763010088695,41.86817171444612,123.08100545768453,-0.9656023871237426,-0.6863796474133871,0.9529714357781696,-315.4533097445887,109.60838017039103,-3.3685507758467295,0.9722970783185219,-0.9984362397112055,-0.06609445340384561,-63.26084214269046,43.10746435323389,-48.210438295120504,-0.585050302408173,-1.6231202605968877,-0.5058023468767952,-6.257315684582907,71.41344252257895,-158.4051309132922,-0.057936124571726304,-0.7093265311546868,0.9876739300824307,-302.44548696189565,17.814786587534904,38.895716555116316,-0.1035627616319576,-0.8904380128031588,-0.028181794348824465,13.84120235946667,17.62331032791817,-20.665591572273946,0.09078396589029991,-1.25151431562663,0.15602828071977476,-25.069093280751606,44.035077901113254,-2.7530192534315012
0.4983020229548897,-1.7576457214440533,0.35645509180268975,-78.84886503200423,34.4214235040995,119.47299832713487,-1.0827393061165391,-0.7211484811894339,1.2677052582250519,-332.4915347716683,109.50207831359062,18.966733001890372,0.798433952468849,-1.0815220044752452,-0.09893807773546012,-71.17290168626779,50.57833049677531,-32.18175792187971,-0.6338191953059474,-1.685657077440864,-0.5262874219625553,-7.4478871908378546,73.81383438551597,-164.92612283398412,-0.07025410877732222,-0.7187056017332467,1.0219578607302937,-327.72313677273894,16.68455393952496,38.94613435924845,-0.08602451956406586,-0.8927582746219673,-0.037174870070061435,14.280501708934,14.259511397975267,-8.629491186883685,0.04530636003699585,-1.3015565486742222,0.17751264888310295,-25.45714337358228,46.57177278267624,-0.4540700323006031
0.6248127590119416,-1.8941860804200408,0.48416898112225504,-74.76309178153404,30.423310945408712,115.65347075544737,-1.165302256146837,-0.977366884797006,1.5073641131660498,-344.6417740028378,110.03904035955729,41.056526906776725,0.625929803204368,-1.2094874917127008,-0.15305463654222776,-77.20220573058883,57.30327872446721,-11.368486400234294,-0.674027979867417,-1.7446760600571007,-0.5462303099190716,-8.774382571517092,76.23478788297912,-170.8993051851933,-0.08127948201380665,-0.7404949074287261,1.0598707262617384,-354.0929788524537,15.669059096050827,38.371931394644214,-0.08041535081189422,-0.8920499315532945,-0.047038121101037514,14.847880701455383,12.168428158996095,4.540269407283269,-0.007101596697824064,-1.3460207505339983,0.20493987085408338,-25.320476967917404,47.706245073056486,2.287425844802568
0.6739672695997803,-2.0188320704953746,0.5687763916590401,-71.22439372370654,30.242693149215082,114.95255379465553,-1.1573338075201924,-1.3832507499494768,1.7030950545827876,-348.6451501476086,111.48271231338687,61.18636006031856,0.46135290640269455,-1.3849453230105975,-0.21899750280446684,-81.00987203439864,62.646278946459546,11.797529929899712,-0.7048171671913043,-1.8006606038082689,-0.5671291704799248,-10.199003192849158,78.86117133389243,-176.1853015474787,-0.0901318042897691,-0.7810675039545888,1.1023799131862917,-381.61253205258726,15.340224410331235,37.20000186862135,-0.08406971466040589,-0.8875792415463555,-0.05737178183346921,15.745658530701046,11.162725020551271,18.55877123414422,-0.06502687158254714,-1.3864650843929769,0.23783394225026108,-24.745355257068162,47.434656972285595,5.578509262017267
0.6605693069936239,-2.1256472484114277,0.6155760788209418,-69.06464939665679,33.488767783505175,119.00755468827745,-1.043375812154438,-1.8437008214027246,1.8548556342173759,-342.44792150847854,114.00881571339843,77.72020175028345,0.3119721900101639,-1.600306100006113,-0.287947769163998,-82.11665489471478,65.8467608355788,34.651116879414765,-0.7262454045632283,-1.8533160618617497,-0.5904981686210525,-11.619249561513561,81.74814394396411,-180.57045449979077,-0.0968075852138934,-0.845121521304851,1.1489567583949447,-409.7940751554745,16.172394514957,35.4598280999844,-0.09316328095166973,-0.8792128894155467,-0.06781603292590567,17.081061924112987,10.994003624720028,32.99748185523161,-0.1269962374616295,-1.42275899243632,0.2738042276341428,-23.77432899232463,45.84454364779063,9.421347762136888
0.600599678024822,-2.2001400170844616,0.6287096499243979,-68.3078974910217,40.05267710288913,127.8822081992481,-0.8577918586576989,-2.2773868261500096,1.95645332547996,-326.08944432262075,117.24061168618306,89.26639587254404,0.18431667397773963,-1.8425615609688475,-0.35514291444592666,-79.72900813029233,66.54747021965638,54.80313118341814,-0.7384336170146397,-1.902700371030436,-0.6179946393299302,-12.841433939261528,84.85660772487458,-184.07953807097172,-0.10278178844003423,-0.9394573864449977,1.1989071927623083,-438.53379100251846,18.519344400217346,33.05007523902681,-0.10237447395493035,-0.8689472585983666,-0.07859528749332716,18.8834908819494,11.309462641557749,47.814107907741466,-0.19350725170824518,-1.4535178692439732,0.3101647494656755,-22.372149809572967,42.90308928553306,13.802204079049691
0.5008000188724792,-2.2247752343881984,0.6073744746546148,-68.62482824569811,50.21541838511231,140.33481478254896,-0.6633693749101217,-2.6234136481817045,2.0072859150404714,-301.07687450356394,120.06414728649555,94.61830869774921,0.08899831374624859,-2.092739469146533,-0.418370691291747,-72.98367069406432,64.92254772547605,70.14686280650182,-0.7413470932341838,-1.9467901109083423,-0.6490585778443904,-13.626780014621703,87.95501720730007,-186.76567316029062,-0.10948857192728899,-1.0674889161086734,1.248464296211458,-467.0599613930288,22.430876367516856,29.866578478837457,-0.10699488923660605,-0.8598022034322682,-0.08962369047145662,21.05122711247417,11.815032596164787,62.70125818172986,-0.26402675091769423,-1.4755317828248307,0.3442184988455487,-20.533298604655457,38.54903248172493,18.52418842347763
0.36252644481135327,-2.186121923505594,0.5471501107147471,-69.76134749126001,63.89507767067295,154.71755766550055,-0.5182294002534473,-2.8272209605078915,2.017440551694628,-269.16753336680864,120.31855067071571,93.62568913242792,0.032914657372928736,-2.325174703603041,-0.47574276354269984,-60.95863239526026,61.939998028437955,79.04284577754795,-0.7313057423071898,-1.9809280685660624,-0.6814255458936425,-13.722114409036479,90.59668650799729,-188.77969134909247,-0.11782102764401953,-1.2304104838862653,1.293718459734525,-494.43184018326707,27.691141090738853,25.717605616317456,-0.10138242904614088,-0.8555337835436828,-0.10106381720475324,23.388509906047226,12.096168379737833,77.61046910712226,-0.3365939129888882,-1.4853835561479327,0.3746169963597562,-18.290274102694188,32.697723627201725,23.377406510060574
0.18663477881397766,-2.08186148393972,0.44565089944748976,-71.61298748429026,80.0637241137269,169.18778156877852,-0.4548181230505537,-2.8473982643503453,1.9864800812360135,-232.44515593917032,115.37065837850312,86.78581567366382,0.019531797468303806,-2.5068289788480307,-0.5243375164653189,-43.20972065356938,58.953586345867954,80.45654785128568,-0.7018034453875562,-1.9999992114922565,-0.7122424925358048,-12.9418457128782,92.25087267427907,-190.39360436859744,-0.12687206073185878,-1.424150272266807,1.332802146722122,-519.3113024583109,33.84403238381421,20.556317557834117,-0.0812572928461001,-0.8605251481368548,-0.11303893730085261,25.61092696502528,11.816489191112282,92.26895930533982,-0.4056928956062087,-1.4815094095682322,0.400697052551753,-15.761858756355839,25.496735589653017,28.082836061156524
-0.024436496317794383,-1.9184228391171596,0.3062604626061638,-73.93296160500778,96.48560644259173,181.92091091880246,-0.45413439334554345,-2.676484902809557,1.9082837064000093,-194.05181715460856,104.00542464868246,75.25700390811035,0.04183878801825783,-2.5987489948293834,-0.5594251164654654,-20.35119978572241,57.09434927740081,74.34181693839862,-0.6451263450398156,-1.998392514070932,-0.7394412807328918,-11.191629415160477,92.41789798040321,-191.76605175293795,-0.13397023750829046,-1.6414582754724247,1.3692553847202127,-540.0102919086673,40.46638719134861,14.510492451342685,-0.04406596046049649,-0.8778965956258272,-0.12598619484412302,27.401155143242384,10.680890471162668,106.42614298742664,-0.4640546532140125,-1.4628756031897663,0.4218527770090055,-13.070789321481934,17.309739831666025,32.403355912745916
-0.26707541412444546,-1.7080944692734545,0.13390397042920837,-76.34707444295475,110.12735252851768,191.49749657411988,-0.45940004170664017,-2.364219716883328,1.7812908609520859,-157.91479323629494,87.66897141397541,60.9428683931565,0.08357189278980391,-2.5677874624117263,-0.5758429099365103,5.610261329105582,56.79068067939116,61.86388980876014,-0.5549415704689722,-1.9735655518452744,-0.7628583823618788,-8.466573203621952,90.89975183479521,-193.10437465783332,-0.1384199687018332,-1.8701873361734818,1.4127092237138736,-554.9731279772395,47.12072310241406,7.852106014089027,0.01041226019626958,-0.9109702531714436,-0.14104047948424137,28.493728575237437,8.505278179629348,119.99879210166618,-0.5046074132041893,-1.4307765168937427,0.4377265700961173,-10.320538045078402,8.625583962293751,36.21057060346453
-0.5283936335194018,-1.4664782158399208,-0.06688686832380125,-78.36676841104621,117.95313009579652,196.8816235335196,-0.4242705700177692,-1.990269582313705,1.6155811944681893,-126.77690752493368,69.24213549625121,45.988362372839944,0.12514112013731338,-2.402707566900597,-0.569751605838996,31.45795533989126,57.66925324326262,45.309468066411604,-0.4302915980083296,-1.9250182485523704,-0.7819202918765282,-4.900070238474406,87.74749339628725,-194.3553080227401,-0.14289403367045284,-2.0830651598221426,1.4682460520839362,-562.4373425886737,52.95365164371004,0.9529447794781165,0.07883190680064954,-0.9599760865587121,-0.15921898952092176,28.676118447622486,5.262747305729014,132.63337060375895,-0.5218032710289007,-1.3874874362353529,0.4476424862375274,-7.615763012479624,0.04610610025585993,39.41075257218512
-0.7879560881722097,-1.2122633886831387,-0.2922463088063635,-79.54349407730841,117.54823504187678,197.66962409701102,-0.33969535166359155,-1.621061869813476,1.4307384164623322,-101.36445940088632,51.55125508964787,32.15311127188412,0.14493296853307122,-2.118823552242488,-0.5430666342488853,53.680495311775815,58.81574283323411,27.913538497629574,-0.2725523490197694,-1.8536619110307277,-0.7950854677973386,-0.7251369494540976,83.34039816226455,-195.2178930918293,-0.15171720239822353,-2.2478339599072226,1.5427158509546572,-560.6904176375568,56.85016747378978,-5.977471374301512,0.15652238916323177,-1.0242931983391206,-0.1814933277865179,27.870558391492946,1.1208643017027087,144.2706496525176,-0.5132452763697584,-1.3367385643018843,0.4511940742724516,-5.003186102878617,-8.057752614346475,42.00547213797282
-1.0196768628017292,-0.9699039906090746,-0.5294542006720414,-79.68261848149665,107.89516985033585,194.0752479304017,-0.22857339529901402,-1.297112151743635,1.249818694303481,-82.0071142658784,36.86463055767163,20.637476165580285,0.12897322898666153,-1.7547871081303466,-0.5022321780657957,69.36355953585525,59.354129223879106,12.8193241604466,-0.08927640665238067,-1.763501548003078,-0.7993586441670475,3.6730165577640594,78.33895731975397,-195.23213679461142,-0.1678032870103895,-2.336911948576849,1.6372441752534026,-548.7435976132825,57.917901413480045,-12.702336465832861,0.23716783299544966,-1.1005104770546323,-0.20742375062934273,26.159401983660562,-3.4930405267691795,154.63405125748412,-0.48005894265461896,-1.28342298992126,0.44801298798199374,-2.5751981504098627,-15.395787018803006,43.96118041628095
-1.2006452206089875,-0.7657192410641063,-0.7552771156735862,-78.60107702191178,89.18384939522065,186.68584621244523,-0.11573918638137602,-1.0379804204705045,1.0901765329024973,-67.75437246006936,26.160465113102237,12.053282646065432,0.07048841552248719,-1.3574778640725107,-0.45683951234825665,76.81035776220997,58.38229112852231,2.625915342950188,0.1105196923063603,-1.6585623665572837,-0.7908789362876816,7.868778855968667,73.56327750523242,-193.5565173330744,-0.1949057322210617,-2.3392091860014887,1.748318798752092,-525.6440261979191,55.914883048007276,-19.11633116764192,0.3145500627729473,-1.1838664016575267,-0.23542718471292834,23.84524182788478,-7.899598482566346,163.66492116568247,-0.42651052974632414,-1.2317211571268296,0.43832472566002206,-0.39304365091371,-21.994536740994757,45.20550019169698
-1.3131380938575372,-0.6260742369401718,-0.9394984811859737,-76.16291149112999,62.98965410171966,176.48133025084508,-0.016008629455895734,-0.8470439085806191,0.9624279200684254,-57.43991485009611,19.45930212594828,6.506602868129327,-0.0263799644215749,-0.9719500584151562,-0.41762733087803133,75.48043146197111,55.210104952467134,-1.1844864917945053,0.3143635432990039,-1.5458575039896594,-0.7684519509385573,11.471893943409084,69.93729425156313,-189.5018264117735,-0.23460739476950354,-2.262387779282775,1.8723373389124391,-491.3740049201409,51.265424906125105,-25.078249973259,0.3824132806405129,-1.2694088419874245,-0.2630382399121488,21.42109198078241,-11.266834361953121,171.29106892887293,-0.3588642650075894,-1.1867323359159492,0.42341084968010656,1.4611745998501229,-27.92108750520573,45.603133865541885
-1.3472769763967265,-0.5630256693668337,-1.0607055707751727,-72.2852758184928,32.210629887571066,164.50812324417888,0.06312771121701709,-0.7153287323472174,0.8692122464194305,-49.75438936151186,16.14026804237149,3.635828182913253,-0.1516321961270548,-0.628189727184553,-0.39468782962525784,65.91126353375228,49.41239859458243,1.6549927184720312,0.5096979590837669,-1.4297516642613295,-0.7337937643104652,14.24383056766164,68.08374761429897,-182.5508098270596,-0.2850401361694172,-2.124178401489003,2.0105203091955954,-445.78905492817887,44.386861306754824,-30.53483522127016,0.4356646249319439,-1.351609087562217,-0.2872721609031898,19.43284028200807,-12.825347867581728,177.42775617860977,-0.2836820144932775,-1.1512789468208335,0.4049321290368737,2.9763755252606408,-33.22123409597691,44.98030580908321
-1.3014837081797246,-0.5718976643354945,-1.1117020781645974,-67.11740913291067,0.750119732470438,151.93779505568548,0.11558009501680877,-0.630641630012201,0.8092409506609709,-43.70739548237197,15.349515892742186,2.8774013852020177,-0.29584004501745526,-0.3431470787261421,-0.3956459064631136,49.38091826166609,40.84529478782797,10.53803841562747,0.6850265267185975,-1.311806553353836,-0.6905256468579801,16.076596588261236,68.21381256263166,-172.6029264488396,-0.34478111087750973,-1.9499946121970393,2.1709815219428186,-388.6909761352383,35.49875601105156,-35.411194161800424,0.4710114238249175,-1.4268541132956558,-0.30471589312767283,18.415132866655227,-11.972679824090237,182.18889307390444,-0.20730596934453355,-1.1271760242248163,0.3847937338678196,4.205029633044829,-37.846555036034935,43.15685482763804
-1.1832826147170852,-0.6348851553487115,-1.0940533627829387,-60.97544396095769,-27.12177584879964,139.85976407719528,0.13834209339133174,-0.5819989105264151,0.7778851717432407,-38.80588593919287,16.200706392159123,3.6153383255154434,-0.45049037547095766,-0.1274492716508229,-0.4213365553493868,27.8962786805794,29.82703245689526,24.06360310000421,0.8279470059472086,-1.1922305750551607,-0.6425239306644599,16.944334098760166,70.09318766781132,-160.04396002258315,-0.41584282400517203,-1.770617213683742,2.35737188681466,-321.15089350274286,24.84399953531498,-39.358484649719976,0.4861556348498267,-1.490566701866279,-0.3118667213792635,18.716405745777863,-8.486213589631845,185.5158014193748,-0.13637202383844865,-1.1139261247371992,0.36456863347497226,5.177917239277747,-41.60775976327287,40.01110054331913
-1.0103129357333747,-0.7279828253960687,-1.0176543872011683,-54.218785181202236,-47.8549140941738,128.99706693021298,0.13406143675308568,-0.5568028648595583,0.7673320625233817,-34.507377832990834,17.725476121546286,5.098055905904645,-0.6092303080985162,0.010118559863304611,-0.46708215995082725,3.8365621489976713,16.490920907149192,40.52586217183249,0.9277049175026275,-1.068481837120999,-0.5910960199868991,16.859968952814086,72.94887306926961,-145.12542863393995,-0.5048603275536226,-1.6135800228989587,2.5634202329529576,-243.95061966479662,12.352576580013963,-41.84216800722359,0.4814056497893405,-1.5399628498085036,-0.3055327592595103,20.46004361470163,-2.4606183573020086,187.5273845069554,-0.07635441682495885,-1.1089211805250003,0.3452540135474296,5.935317357534212,-44.34758743389615,35.50500235219531
-0.8065264515123783,-0.8305936817283028,-0.8980249270122648,-47.37868772928909,-59.31642560685633,119.78300073102258,0.1083957489094732,-0.5471027360429447,0.7719403418081576,-30.788589869754475,19.302178972170708,6.786066965206022,-0.763747897642767,0.06038693052802231,-0.5243722093934451,-20.484865842375843,1.1686440381537637,58.13153459548791,0.9736837358279654,-0.9420083543135066,-0.5372196058915073,15.839959634058115,75.77807603309543,-128.39906964770825,-0.614371658772893,-1.4834359514344408,2.7582753436160643,-159.81198580837503,-2.3591635974298697,-42.37773775517296,0.45924385054991956,-1.5732481996639602,-0.28421762756078456,23.449157723201647,5.603404580434543,188.30569728031924,-0.031307701695394895,-1.109380529983365,0.32758259729042083,6.484485772862631,-45.8530522037205,29.844747009335155
-0.5988708438405334,-0.9252294330967414,-0.7565877181188114,-40.93673914150148,-61.266429719877294,112.097890154144,0.06941608804442043,-0.5436454751973921,0.7851905386816157,-27.53818755723194,20.41342982152772,8.19291754320594,-0.9028649638465394,0.020205815807346015,-0.5833789119598591,-42.88714978700605,-15.88253109338174,75.10519666702585,0.9591864516938556,-0.8152559958178225,-0.4790229215886536,13.863224843709302,77.11836269815431,-109.98141928149491,-0.7258126869645081,-1.3310815498610664,2.8947724462270887,-73.08058908524883,-19.47075546698283,-41.071958165636005,0.4248392686602309,-1.5896262879811554,-0.24800435297555395,27.18140645034852,14.909994427354611,187.95446829434619,-0.002175934026499097,-1.1107823423402545,0.31156106997105293,6.8643697670330655,-45.915357001267786,23.402938674943815
-0.4124024909829981,-1.0025665092245977,-0.6156584209034991,-35.36739763660356,-54.930031485788774,105.76814882911944,0.025518021864262237,-0.5424476888748417,0.8031635110590012,-24.89205747543818,20.840474893532004,9.069376399126536,-1.0119554720201354,-0.11041237402380115,-0.6359021228709593,-61.334286115466114,-34.06321017065857,89.91658160931298,0.8828965251795207,-0.6958854925014314,-0.4134593049928901,10.879693145711897,75.59445082830476,-90.08491911797931,-0.799265634064816,-1.1074532801413213,2.941757729408878,7.649499137341298,-36.99027396853587,-38.21416702536591,0.3848595885181534,-1.589895266576953,-0.19924958956602465,30.997020910262165,24.479972694805877,186.68838020737547,0.012009292507636056,-1.1100990166065126,0.2974927777391286,7.113451137794299,-44.3108187598216,16.7561587730366
-0.26469962979843925,-1.0590071400544308,-0.49110793245448137,-30.89029369395189,-42.60754019731966,100.39053795632677,-0.015468322845169856,-0.540345695037902,0.8212919229364296,-22.9112326830059,20.503554788810494,9.324568350302203,-1.076412516668281,-0.3241230243143041,-0.6768897585756241,-74.09935093732443,-52.52106927785092,101.47877149859289,0.7541075209977648,-0.5897190720393782,-0.33654776517477303,6.920394089531434,70.28116859282889,-68.88525786818347,-0.8022518183177283,-0.8360213136004075,2.902339684846237,75.08830725428967,-51.29241917418533,-33.738145711546416,0.3459256820466248,-1.574451899613974,-0.141896607383824,34.26268915769368,33.37122726750432,184.5966326023626,0.014486453051791023,-1.1037948863373797,0.28517896664229614,7.283121431078684,-40.89020307989151,10.494359482483933
-0.16398049591962938,-1.0966841110839027,-0.39053974664893293,-27.49457336385344,-27.095570556235124,95.59142038313102,-0.04847039270056263,-0.5355488566301128,0.8363505002270107,-21.672427404094893,19.469143396731567,9.012879943345046,-1.0841047484717732,-0.6068027531462201,-0.7068041103226063,-79.87184825892362,-70.44310754396413,109.3390657203996,0.5948011331285399,-0.4986056593030795,-0.24588067907171304,2.1449551046780058,60.73571188840547,-46.487279209913595,-0.7297786051574361,-0.5819240477083674,2.8026309181329445,128.21733815504132,-59.543520704146886,-27.5845936783273,0.3136532716646369,-1.5446002600154642,-0.08018292191170405,36.61040125348935,40.842907149758226,181.85068003704848,0.009934988961880562,-1.0895771135311254,0.27416745752444804,7.383617254662969,-35.658678063975785,5.062726640029735
-0.11075128634712571,-1.118993893079098,-0.3173521233291802,-25.083217883012548,-11.108256095919586,91.18258953673306,-0.07221820622069128,-0.5277894986402953,0.8469396171632314,-21.254978373729163,17.91435645220348,8.265380293509219,-1.028379987313088,-0.9323198398684467,-0.7294071975561154,-77.95544360490965,-86.83834554560744,113.32352257320073,0.4345037606231857,-0.4225140598676224,-0.14465452083626604,-3.0524720720243246,47.21231342901306,-23.551991991032388,-0.6010766707885782,-0.3880443915163501,2.667883497806967,168.7520332643322,-60.24554487717477,-19.95270198034293,0.29147636263420745,-1.5015378437896547,-0.018697335274109765,37.92408962463209,46.35328978645055,178.5114123580955,0.0027187216945205542,-1.066502348098784,0.263911598559208,7.349483154769108,-28.910721149076515,0.7583773870853229
-0.09801368551814203,-1.1302362859618245,-0.27289071630309025,-23.396362988531173,2.7590058544670253,87.01091362786704,-0.08715335677599581,-0.5175135927411897,0.8531540247684734,-21.644802976110817,16.03613680922769,7.214848794305947,-0.9071649406633474,-1.2601920735243852,-0.7499560333333744,-68.50697435195526,-101.03944080744296,113.52975137982457,0.3019909827350465,-0.35751231864250776,-0.04147269073850862,-8.249046361898182,29.997651463558352,-0.3781297968868019,-0.45019475423994976,-0.26481567741720247,2.5185503793634365,201.07236876562223,-53.83758403250499,-11.505095205136657,0.28037315739828716,-1.4469469086145648,0.03893249492150747,38.3372136222977,49.506139229996876,174.63497706317682,-0.0030636924522075616,-1.0353130422506822,0.2539410537489381,7.003968285075559,-21.23394912761653,-2.4326134174512424
-0.11699963474242835,-1.133888801563551,-0.257387911894357,-22.231515031143324,12.54316683177826,83.23060343525994,-0.09365115859619019,-0.5068153883228074,0.8560533739531128,-22.791675097700637,14.066542787961817,6.014058994237079,-0.7262926805234033,-1.5411916980996343,-0.7709869539002999,-52.592708056995065,-112.36359555427822,110.1205922140167,0.21593959564455092,-0.3009410936536651,0.04986146874567816,-13.041109442726645,9.87314297780801,22.241425990688317,-0.31336193310152016,-0.21072787859012979,2.3713322239295755,228.43827133421158,-42.642019099254,-3.4521248363812256,0.2791309019143728,-1.3839234621114513,0.08902137170113375,38.09079428843999,50.04429083095357,170.3787379660264,-0.005270194991424766,-0.9994068010173165,0.2447092285883305,6.15650376312527,-13.478570261470967,-4.642740767753622
-0.15527580441495753,-1.132516269822012,-0.26617154748014626,-21.309298148546596,17.058652470207736,79.84311018663034,-0.09230132243737099,-0.4972795594912011,0.8558413097130917,-24.521433644642237,12.195859826119959,4.810762530119394,-0.4980084817347166,-1.7328867467578428,-0.790336008680432,-32.18037996558861,-120.46027343297578,103.58193858136127,0.18055714730061564,-0.2491822734703079,0.11777083637958846,-17.289054363388463,-12.314558939435702,44.07664280236964,-0.21140325708567875,-0.21102698397700215,2.232775734345177,254.25915227096735,-30.08763584037415,2.8617385388835865,0.2842427574098876,-1.3145677776741826,0.1297565785575874,37.442684175369834,47.831220425497115,165.78300612277508,-0.0030494934062380782,-0.9616752531027329,0.23661994507977485,4.659246227685935,-6.411964047907415,-6.197801099432754
-0.19970287012726995,-1.1282057261588485,-0.2908859322823815,-20.448183026343987,16.184138532473693,76.95788682075731,-0.0845862551330754,-0.4906348448773084,0.8531837817801783,-26.63868759730979,10.581910620946294,3.736138642176416,-0.24060902172216297,-1.8142663310629934,-0.8033959297624979,-9.796395879080782,-125.12011685914598,94.832300790093,0.18808615574585474,-0.20258911554061762,0.15481995443007773,-21.061963337743308,-35.360821950064945,64.97521838786706,-0.14535241962834444,-0.24666280011857708,2.103455368117302,280.38689669672505,-19.41028825442906,6.363907339101675,0.291625508101756,-1.2422481528926308,0.16069374413604076,36.63728823967852,42.85500788690659,161.07711034453513,0.0026037386005827536,-0.9253984596965953,0.23037763691102187,2.4728026947608637,-0.6239398072555089,-7.414071591614379
-0.2355142953855038,-1.1212157183802067,-0.31999933275048736,-19.505235390800557,10.864081025653755,74.58074143203977,-0.07325902593969841,-0.48720080777559843,0.8479893916987011,-28.875153393140504,9.312620606023339,2.8751710121228196,0.02421847203846727,-1.7887303965765304,-0.8054962555872577,11.6735141211943,-126.19378516032499,85.14436194087877,0.22273871867939762,-0.1646166067355916,0.15963109136717502,-24.494364265033635,-57.67848777825468,84.75540360114859,-0.10136149827176445,-0.29882251297473694,1.9792105222734442,307.0703718769844,-12.770677521210017,6.630593728093423,0.2971413349050659,-1.169731665866013,0.18255422384933004,35.85253018869264,35.299544296453504,156.411800126852,0.00949410602248753,-0.8921279168379664,0.22620161966686458,-0.32363636910627297,3.5302785365333094,-8.537347087855265
-0.24934116581262822,-1.1119568745670343,-0.34366433110962435,-18.391199071037768,2.801740166112118,72.68895071657413,-0.06137070019683104,-0.48680640784831797,0.8408790419033032,-31.00157862070264,8.407822163337737,2.2585954354219453,0.27680695557332674,-1.6781583502063209,-0.7936031906553179,29.57152362389576,-123.5304715644667,76.02847780437646,0.2677731103116792,-0.14025950564964743,0.13665585459008806,-27.647392062316808,-77.8549740393703,103.66732099202439,-0.05964297190665021,-0.35476198167945566,1.855481887120221,334.21248307962264,-10.80385707258886,3.920014946478914,0.29777339004632913,-1.0995717227595654,0.19712115326100765,35.254753689394974,25.3783907365416,152.013116878153,0.015148896102062532,-0.8626146557912537,0.22400600451099092,-3.566502660431756,5.8784908772168265,-9.69347310310661
-0.2349544240463861,-1.100200731826002,-0.3574291576730023,-17.12164261539384,-6.092132299507208,71.21902223256537,-0.05080465075421376,-0.4886639718485753,0.8324048030612816,-32.82869892107634,7.831410448210942,1.869143953974074,0.4995067020062639,-1.5108916247657294,-0.76609377784545,42.04156577161228,-116.98638985715198,68.73052273248483,0.3109714408540772,-0.1332606753149274,0.09415575748223876,-30.348344183332237,-94.63791622041471,121.57435034941717,-0.006745201102096317,-0.40838994627834363,1.7303668058280344,360.48008757164985,-12.649273077678918,-0.9459794770991491,0.2923298270281891,-1.033906170033349,0.20579127928940885,34.9367049383209,13.552669125994832,148.0557379625754,0.017861925178304386,-0.8366713677015483,0.2233743139055241,-6.965253774271527,6.391410297975028,-10.815139569968844
-0.19335586398767432,-1.0868023814918066,-0.3616400872974118,-15.703577127328318,-14.047410151120962,70.03633073648776,-0.04208120616205523,-0.49201854268178036,0.8233867703933838,-34.26670940429958,7.508624827514911,1.6653486365208154,0.6808615787745045,-1.3158016646786233,-0.7228211552959294,48.429774866333894,-106.54212400167283,64.21474853775632,0.3457485312274022,-0.14332694481262365,0.042478494697769355,-32.2713707705839,-107.60573267782057,139.00495949709355,0.06271516039470885,-0.45733432732650725,1.601107716446088,385.2822693770985,-16.591289514821028,-6.925135844750263,0.2807889378664654,-0.9727656860897248,0.21051918140336467,34.94333594521696,0.21197017152617753,144.584928702275,0.017068186080090635,-0.8132315266632371,0.22322920658741816,-10.190327884168736,5.230243966051893,-11.753893230960356
-0.1334805848979045,-1.0734178531604863,-0.3604066716373863,-14.204553770947106,-19.873776527546262,69.09726343989206,-0.0347891627941278,-0.49653999877619404,0.8146507175024671,-35.2929795172121,7.384356517354894,1.6151222309908688,0.8114807324272106,-1.1168811907665925,-0.6662398350965988,49.09866496447259,-92.56287644216124,62.99973674779847,0.3715169756798147,-0.16717961617052973,-0.009363150352454197,-33.013453674356086,-116.62117411788735,156.0089002255117,0.14305819480261395,-0.5020891064731279,1.4703731539210922,407.5160159553956,-20.835281860282336,-13.063872385454395,0.264728197197106,-0.9172054244047114,0.21243832788121178,35.25179715841269,-14.003655060577096,141.69902462460772,0.01329241855600751,-0.7920808001390152,0.22244972511927472,-12.88019004682163,2.680683509117931,-12.287590199479606
-0.06676799619569969,-1.0607620600496903,-0.3578754399951943,-12.65694758499109,-22.998300598240203,68.29643730854444,-0.0285239728210446,-0.5018430385261551,0.8059572924753364,-35.93052595392531,7.406869050291705,1.6975378205010663,0.8878525874100572,-0.9308211075976512,-0.6008384476836542,45.28240104981086,-75.83521407956364,65.01491029641565,0.39050532990270137,-0.19945442915759828,-0.054552922667919584,-32.280124164627786,-122.08297146266183,172.8524025939996,0.22589057420374983,-0.5433106537926425,1.3401918079321566,426.43880425533206,-24.109470205441404,-18.730902568012652,0.24582272240913547,-0.8663259054829077,0.21249651600985842,35.726678455603206,-28.541314229832857,139.24168592275686,0.007553888008614145,-0.7723375899242645,0.219660115240902,-14.805493563784603,-0.8263242496902831,-12.259726922839755
-0.0037926309855862536,-1.0500027146505204,-0.35733966570875675,-11.113236097672502,-23.508391037185998,67.64197382801879,-0.02296588620698498,-0.5077345454415395,0.7976829778943527,-36.25394140901531,7.56283026524284,1.9162046584418213,0.9104718025924393,-0.7680304471809408,-0.5340970671349015,38.55320367289642,-57.71770511911016,69.77189719052373,0.4068329737481771,-0.23557883957563888,-0.08936365345342866,-29.979999453525892,-124.57719443533911,189.7815178841844,0.30313635597963207,-0.5825639813899014,1.216525742453564,441.7135678871327,-25.9645889074861,-23.726784184332146,0.2257931115460424,-0.8201775458077369,0.21126203289362247,36.18826401358347,-42.89827755822639,137.11859509295417,0.0009452465098021736,-0.7544236059824191,0.21405572746831328,-15.915512848136675,-4.855945576389772,-11.619056029525758
0.04791028786095605,-1.0410374330116943,-0.36008983477945367,-9.618276694904539,-21.963739211597556,67.11648854958693,-0.01733025826517997,-0.512829012926457,0.7898727159756862,-36.3217348026304,7.846701424928905,2.2775697449609407,0.8846853882514207,-0.633615039612935,-0.4741860712629709,30.52464324231601,-39.95964899036564,76.30812405637033,0.4237103726586471,-0.27180329128393693,-0.11237661965521989,-26.273344128059485,-124.65010644164279,206.66475922483923,0.36870575749064793,-0.6206294897046403,1.1047220446203738,452.86740842614773,-26.51608851235736,-28.104989178581427,0.20570963636706624,-0.7783018485402606,0.20905643206420468,36.408553167272885,-56.53877488053625,135.09368810184074,-0.005559467230946042,-0.7384952716903425,0.20520043436882884,-16.30803303176802,-8.97540812704593,-10.443616465099339
0.08493436887161498,-1.0338676014218686,-0.3657376300231333,-8.198996297064836,-19.17617112687155,66.76091898033177,-0.010787469679899027,-0.5161973473843875,0.7829945014622415,-36.25321583910775,8.295226558340683,2.8119785440232836,0.8207456465057164,-0.5291062120078263,-0.42768806972247553,22.500194378793132,-24.164971353279185,83.65867830738412,0.4440365418200613,-0.3065935979365215,-0.12427663847812569,-21.488113187371145,-122.85497584504101,223.68961138826847,0.420961693439051,-0.6595574252610602,1.0086156657902796,460.0699233100585,-26.113098273874353,-32.132805889916476,0.18606922698218337,-0.7398485848912699,0.2061612155938389,36.16489703773704,-69.20960648189694,132.9227407270962,-0.011559606504086025,-0.7249091843186346,0.19291509976699822,-16.213496114793845,-12.879999230120486,-8.902614052510797
0.10705636079900814,-1.0278401684800895,-0.3722710315405095,-6.9007192497303445,-15.94274107146282,66.59980917047578,-0.003349022165391827,-0.5175860518911021,0.7770655446054674,-36.1442142762148,8.949045788571084,3.547012471002644,0.7303715459591535,-0.4546107021516954,-0.3976584237073499,15.220548193438015,-11.56608482737123,91.00501367127603,0.4687557981802921,-0.33958442343038725,-0.12695255495653812,-16.087696001473688,-119.51110532828507,240.46643784230497,0.4605111734116364,-0.6996117807046003,0.9316454726071909,463.37479609022074,-25.14130921160666,-35.97397696848579,0.16713913285006038,-0.7046904288722392,0.2026140534706683,35.33095236550884,-80.56381793934518,130.44729348320658,-0.017048832646969273,-0.7138649321173494,0.17755894566765865,-15.85985404417231,-16.363277179044996,-7.20482470542843
0.11686789830473504,-1.0221570836038925,-0.3764263218647522,-5.748179269033358,-12.91940363407477,66.64487258177553,0.003922554124371711,-0.5174817103515191,0.7719810269306955,-36.095540023451655,9.852108068050526,4.505519482069206,0.626731355606162,-0.4081187517346691,-0.3829682516886095,8.88173582110394,-2.549386075207045,97.81468042850022,0.4984587947254063,-0.371901980429056,-0.12297673573534122,-10.508211638743775,-114.92750354594456,256.99494163898186,0.4907985486689422,-0.7428606942373686,0.8745451043259904,463.31820743181123,-23.74779919503648,-39.766257882551095,0.1491023192472254,-0.6712852152184796,0.19812447992122315,33.79874185033088,-90.5492429491855,127.43977089245297,-0.02261460719538197,-0.7048751625817002,0.15947908337396843,-15.488427975845688,-19.36935398594,-5.515989144434318
0.11778725627581949,-1.0168863206807506,-0.37504758897700347,-4.793535623632157,-10.489827572465996,66.9288893549099,0.009230696636158454,-0.5166373398337508,0.7681801509942315,-36.15964128458616,11.014667919731988,5.666637540007657,0.5213652778857781,-0.3889736235049041,-0.3808911207946768,3.2943476643641096,2.9324896340404827,103.78665994487214,0.5322862334580438,-0.4045367691804524,-0.11452074327723288,-5.165603451998331,-109.36230582788046,272.9065160295701,0.5145036957507336,-0.7903449938858516,0.8391024310766041,460.52854474643533,-21.91940032238444,-43.44201248211914,0.13274828907627242,-0.6394614983250682,0.1922493802333719,31.574357154755134,-98.95600688867397,123.87650821546697,-0.028904370810829003,-0.6978384063046272,0.13963146293743559,-15.257802316480031,-21.875263113910663,-3.960797971420436
0.11393580324047105,-1.011911451302674,-0.36567792772759056,-4.045576192006005,-8.767926367280776,67.42719596607158,0.011022101050506484,-0.5153651573883348,0.7656233959490681,-36.34754314017003,12.403516468276475,6.964463100169354,0.4223718146996469,-0.3944212861021646,-0.3872248723214229,-1.8960960742733806,5.598525664675902,108.74311417021994,0.5687287341541332,-0.4376226612211698,-0.10357451832929314,-0.30464099019625457,-103.0127422217245,287.89622351975726,0.5336189511896388,-0.8434073629487664,0.8242728711947518,455.4878440529761,-19.492309970214478,-46.903795048934676,0.11905571153851438,-0.6079412453695887,0.1841514855661732,28.657942903888966,-105.67028147029778,119.62674248159665,-0.03668925777404704,-0.6918083728941508,0.11884658781064635,-15.269324159851278,-23.938026255790323,-2.588780904256791
0.10917843292752775,-1.0085950179778895,-0.3473087325533315,-3.4906512714736757,-7.622464530030117,68.18054788234575,0.008434310982090376,-0.5145192508302577,0.7648191839441257,-36.70622005959945,13.953243231393488,8.303381987141924,0.3337620708630853,-0.4223954292723033,-0.39828363713953774,-6.978187406732311,6.4514733336904015,112.70383239693741,0.6061183694211421,-0.4701414441314798,-0.09176965101077723,3.960331174282381,-96.10555620553293,301.9361933534136,0.5488070126943538,-0.9043787604948611,0.8294483909149432,448.9984688785377,-16.282937794283434,-50.088620002393796,0.10961837381646566,-0.5762617084806095,0.17314369322144263,25.08370852694559,-110.61492934654487,114.68721952481948,-0.04668491680404792,-0.6866199333237687,0.09807072926210314,-15.57840289510932,-25.698054208454536,-1.3901075991786174
0.10651575287738871,-1.0074094300448184,-0.3198767166212714,-3.093051053284601,-6.780784834805939,69.14902045479377,0.0014688417062000071,-0.514592418248248,0.7651571135086143,-37.235959138953994,15.538407909830495,9.562597419841248,0.25672623688088436,-0.4694582667262358,-0.4105245853220885,-12.025023824541739,6.542883979637722,115.63594790833099,0.6415549603598767,-0.4991682073388777,-0.08051428027928252,7.576855646485062,-88.82873920531584,314.73519250352285,0.559178814262142,-0.9736412127728034,0.852160452786573,441.53429020819385,-12.218038087845455,-52.92751628907901,0.10599426594595278,-0.5441066225856646,0.15896124792895142,20.94073493264932,-113.64467398422298,109.06730318856226,-0.05911232960307586,-0.6817874916197539,0.07825523769626923,-16.170686101511006,-27.294775758348365,-0.3233811300613668
0.10806219235354267,-1.0090089047869377,-0.2846101679061894,-2.8188294863426115,-5.840457081606052,70.32421295059075,-0.009621090414698715,-0.5159983967422894,0.7663299459141757,-37.953549806902785,17.007877231250625,10.607523086233462,0.19022584840894774,-0.5314986760434013,-0.4213130527734127,-16.955210329752916,6.920684458931823,117.53731959300949,0.6720053947706753,-0.5217709396299942,-0.07097757150846579,10.53289480833657,-81.32534698185106,326.4553650746529,0.563160718920179,-1.052616089580789,0.8897435071938591,433.7759556386265,-7.3282036656013325,-55.45874075399432,0.10993796600470813,-0.5111826850901068,0.14147540460433172,16.304152955220292,-114.7174188621921,102.75353678456665,-0.07404203609869446,-0.6773375607631744,0.059980364047820825,-16.99879276287815,-28.948205972054517,0.6992086322728642
0.11395871316158568,-1.0135083876296045,-0.24469665401806023,-2.660760031916892,-4.4647123011029795,71.65486919318505,-0.024129060665409204,-0.5181136646409794,0.7683411408881351,-38.822770692937105,18.19520852915962,11.304352776894241,0.13372858052117279,-0.603342669973112,-0.4294670858221891,-21.417535686270085,8.173163464077325,118.30199756750662,0.6940526122885279,-0.5352519255767605,-0.06386651290216999,12.741187260488754,-73.84102418710332,336.94987759474725,0.5592061161279004,-1.1392289254026053,0.9389316043172514,426.29476342651543,-1.8558690614382505,-57.699613962512856,0.12242773505634857,-0.4783959871613397,0.12123644244496914,11.375922164464836,-113.78308075369601,95.91789838038834,-0.09083050729079575,-0.6735137402765525,0.04383653227213846,-17.962986605893274,-30.777508149974434,1.7306189186182352
0.12298313569866236,-1.0206757143006484,-0.20346377010953146,-2.619822178627309,-2.3604706351172347,73.11354775612226,-0.041078389032366165,-0.5199317563859732,0.7714621255430928,-39.89682202428451,18.987302425363172,11.564164766471938,0.08494145178513773,-0.6792783102281348,-0.43439683213605246,-25.121938210494392,10.664291779151155,117.82475654354475,0.7056981137356569,-0.5398547399723425,-0.059036874301128965,14.172616656190932,-66.47793908673354,346.4526623309453,0.545715925518761,-1.2330610822226724,0.9961598906249368,419.48331331988476,3.9441467677905675,-59.66891512350679,0.14376543635423206,-0.4456376853137167,0.09816789520378354,6.247103168170408,-110.93077538871087,88.52424871795297,-0.10884085525521059,-0.6704929973947548,0.02975761748089943,-18.973370959920477,-32.92710675440045,2.848723518560334
0.13297936406274777,-1.0304549220461672,-0.16441200152740443,-2.71709837626483,0.5294839999941586,74.69206442833875,-0.05912712610879937,-0.5211295450129542,0.776214982971468,-41.27672327186342,19.326719001779523,11.359985230608252,0.043221185607956694,-0.7537259968886428,-0.4363691528042678,-27.785302937397947,14.273905673562584,116.07027461780739,0.7068295716225486,-0.5380376432948631,-0.05578988269480523,14.786738266504663,-59.46049493139026,355.1499982044321,0.5218820733432397,-1.3322767671001292,1.0584065324097656,413.8381170885377,9.742517824600041,-61.31715178173495,0.17315703880717567,-0.41360023338335167,0.0724369417764519,1.064710962684321,-106.39377684888225,80.69711597417319,-0.12709079169008522,-0.6689627703470612,0.017857084020408222,-19.958002220795173,-35.42938979964745,4.074555973445847
0.1416726520603082,-1.0416576221230618,-0.12994486508019162,-2.9659216340361603,4.101372811701278,76.31270809514535,-0.0767807145274075,-0.5211346509910845,0.782117987761328,-43.04971716715783,19.19178982086038,10.717098096220012,0.007904591711737428,-0.8210329210372883,-0.4351938785404935,-29.276527734522833,18.61724504805322,113.05098143274277,0.6987388629561747,-0.5336013736343651,-0.0528555542879633,14.602047328858237,-52.92123512448435,363.044623608797,0.4865977880476706,-1.4342479063780196,1.121923216176184,409.3905305372521,15.217826579048312,-62.4464001163055,0.2086819850867825,-0.3823321080938582,0.044183241772421666,-4.0671844664439085,-100.48558082486113,72.47236885960653,-0.14460364825250335,-0.6689668311537065,0.008212628991317741,-20.8391953549932,-38.25225314718854,5.410493282767672
0.14704517334120878,-1.0539860144245894,-0.10169737248863013,-3.3850623140556646,8.150027038911137,77.96568803237847,-0.0926379091086161,-0.5199665540815074,0.7892194029990613,-45.347714676448405,18.615483545031584,9.69556342283395,-0.021143273178761888,-0.8781897742478639,-0.4311512455612632,-29.59795575651147,23.125209263613485,108.98118033734599,0.6841958088510857,-0.5310963535088977,-0.048659342826352175,13.66775415956372,-47.09327656012346,370.3857144813463,0.4380570366674647,-1.5385536360823806,1.1845534035538996,406.4901376700344,20.029702946164186,-62.714074060785826,0.24815928416892682,-0.3523641322647852,0.013900992827177269,-9.09034338114211,-93.59192000463969,63.9334202041262,-0.1606779057498873,-0.671065948654847,0.0010380669524577566,-21.564130631633176,-41.353926167008844,6.8507711336085055
0.14762066650131458,-1.066425452612121,-0.08042253594274361,-3.9674598111609427,12.403240901788225,79.58181281753805,-0.10554178109613221,-0.5175409327934813,0.7968325266230198,-48.191252651386236,17.68803795031528,8.378391908621387,-0.04413113071155577,-0.9240529842041708,-0.4247230880791617,-28.86200503624637,27.18672903586835,104.14256372263608,0.6657383463719835,-0.5334638729607514,-0.0415699138183654,12.078000839019415,-42.168516392048474,377.06191590298477,0.37404787728704153,-1.643725754738324,1.243852454100742,405.0861509844055,23.838852289217947,-61.704677613196054,0.2889146824260829,-0.32416162534936976,-0.01735100925036082,-13.95837571817332,-86.05233081535833,55.19150750626706,-0.17463179031067652,-0.6750457226160027,-0.0036006752880136626,-22.081499359390193,-44.613718094300104,8.36873571648677
0.14238325398457913,-1.0785247646769454,-0.06614528330102637,-4.7002576441447985,16.622066906426745,81.17533442423895,-0.11544539411328052,-0.5145848280999625,0.8044421765048355,-51.643898422962586,16.56700476412162,6.842358394277349,-0.062192050153060306,-0.9607472295875118,-0.4166460905381454,-27.23422433242388,30.221989113390936,98.90093690494655,0.6455228185831297,-0.5434685923875386,-0.029877400945973326,9.972120837147763,-38.468850619100934,383.1376657275558,0.2913094779011417,-1.7527635954489365,1.2981481764578464,405.2678582999261,26.227219348842592,-58.79124829416338,0.32914176688145447,-0.2981535302828631,-0.04858593068883825,-18.76343254435107,-78.02848110649458,46.189782940047586,-0.18621750343571175,-0.6809004020123246,-0.006036102056026571,-22.370232600999714,-47.90091384637202,9.96825471974347
0.13102786161170993,-1.0896334438379207,-0.0589389948335657,-5.549113132268746,20.524653959225713,82.74059258057741,-0.12253952549910928,-0.512241469607736,0.8111812391792849,-55.617609941912924,15.408533687210081,5.184203608952173,-0.07555495690174577,-0.9902134561567052,-0.407621667722182,-24.877994975046445,31.76250218910719,93.7041263108539,0.62469969677295,-0.5622019346330053,-0.012756015536021034,7.523169152748852,-36.42063034027946,388.45151034651224,0.18935340590620348,-1.8665000965793483,1.3454984803154115,407.1937701555549,26.70931559378484,-53.48876932219525,0.36710367698602514,-0.2754971385703774,-0.07803982663388541,-23.490106356708484,-69.74553441693523,37.12021976196722,-0.19501518205497137,-0.6884111833035255,-0.006656548274844438,-22.418451223362133,-50.95689962634649,11.624963020788204
0.11354904217203639,-1.098852115763121,-0.058039098140025475,-6.5053356213033435,23.895558407162437,84.29256222230303,-0.1270967772178265,-0.5113652043746777,0.8157760722567978,-60.06767550130032,14.318223856396608,3.473418465252207,-0.08515790569801772,-1.0146076012595329,-0.3972036586078323,-21.90022049003129,31.463198951408035,88.86479913070558,0.6027405980510322,-0.5906546172772668,0.009454903487975914,4.931432812276588,-36.587902966167256,392.7510486946079,0.06950439714950496,-1.9883413499922966,1.3827259513748675,410.85913303220553,24.797081331101122,-45.23884657222787,0.4020720592034802,-0.2572086827707545,-0.10425253816677062,-28.180162496168702,-61.15634264291864,27.92235822711366,-0.2009111921431457,-0.6972775571745029,-0.006121543653513941,-22.244637202334715,-53.46449044981146,13.331803251640203
0.0910821740673175,-1.1061029666903637,-0.06253287061057682,-7.568532183927652,26.540258818131747,85.86506872849672,-0.12946952699172098,-0.5126883743190795,0.817908195772156,-64.9282234256241,13.371223295226455,1.7802836070044734,-0.09141904918312327,-1.035014238389223,-0.3844769032430323,-18.3805014932343,29.194314289493832,84.69291929647184,0.5788457754259463,-0.6291067857754351,0.03499422712184099,2.4223033512679835,-39.64546736643644,395.87440135764035,-0.06147515322547592,-2.1196461632217747,1.4063724983195158,416.4703649401385,20.135571378162897,-33.83145434041076,0.43365800034312996,-0.24508558472750258,-0.12557545635448947,-32.742825800009236,-52.30344586164933,18.694871535695597,-0.20398661058361436,-0.7077482547841342,-0.0047956970086607585,-21.91333713817864,-55.08096533700234,15.02499611382193
0.06584668867189115,-1.110980789314634,-0.07095426057747399,-8.730905096814238,28.32180608491744,87.4211144295906,-0.13000868709634833,-0.5159546166372567,0.8173725813127874,-70.08878972053641,12.594780689910268,0.15475990977237822,-0.0949334743174215,-1.0512499680464409,-0.3680332405892354,-14.394267030307207,25.03113673904207,81.29948388646858,0.5524656182762195,-0.6766113640440548,0.060940148747356475,0.22153449655324314,-46.18976342078504,397.36296228497775,-0.1918764619083615,-2.2582717346352843,1.4111898474375575,423.6876472966629,12.695980015188276,-19.389899764193053,0.4612811426988696,-0.2406914174767677,-0.14070878964153677,-36.984606077515664,-43.17617273574718,9.487733092078031,-0.2047548823116936,-0.7197146968484351,-0.0027779198277630263,-21.50582072770756,-55.55442626860976,16.566654395427918
0.040451790700821035,-1.1146083558209525,-0.08219503277560122,-9.982138809970406,29.156838157221895,89.0125924412112,-0.1292025348296708,-0.5209500184435508,0.8152277437983239,-75.54385456473456,12.011622139514802,-1.3789161990110745,-0.09594538404396069,-1.0635412288977446,-0.34754784930770155,-10.052710085667718,19.20329584392851,78.73968752564319,0.5254584900773034,-0.7320695822291726,0.08283703515798434,-1.4857965088832603,-56.78998895372,397.0384458428068,-0.30647507025503995,-2.4024363220273086,1.3903226680677314,432.2608604145937,2.9386373829110712,-2.3904418994224117,0.4839069952673001,-0.2460170627664234,-0.14886975540704506,-40.60934899440922,-33.834199688564915,0.37865965136407476,-0.20434357868652694,-0.7337906427306821,-3.7146924070298328e-06,-21.1193871106389,-54.96223354754097,17.78582081855551
0.016796979262425994,-1.1174572173515218,-0.0954075783278192,-11.271484354891163,29.011595248349078,90.61414119235839,-0.1276189747353704,-0.5269039272185483,0.8120572015813815,-81.16669257232003,11.63026567810015,-2.800514718780598,-0.09444091313359194,-1.0712934383931962,-0.3240361813399392,-5.55236587205724,12.116586022490722,76.92171346718644,0.5006428479511049,-0.7923288983432714,0.09562605514347573,-2.601524030643598,-71.49373671747946,394.60035684425503,-0.38961336362487725,-2.545628063183697,1.337157638246375,441.38077208587026,-8.102649881192526,16.22464278981229,0.4997956939854127,-0.2619067750845564,-0.1498975894783607,-43.23517763079404,-24.49901579964507,-8.443840073888706,-0.20368354891103538,-0.7495700934842833,0.003464861915214968,-20.80880452943457,-53.63865110960402,18.523767468872723
-0.004498730492911911,-1.1206242773689108,-0.10962073094424302,-12.559085406660632,27.830677890817434,92.28504804282066,-0.125719038424404,-0.5334207491030659,0.8085296390828369,-87.01503461204739,11.45172849595772,-4.123738162446135,-0.08987079403655136,-1.0749816999643882,-0.29956733927588935,-1.128240265853933,4.21535330768095,75.60246736719364,0.48300189300962854,-0.8546585729217494,0.09255388538889686,-3.1807862280069097,-89.87788961059287,389.8058904956877,-0.4282400827635092,-2.683785076084776,1.2417026208995654,449.80984390436925,-18.751491681575725,35.27195772647999,0.505707913838597,-0.288832546955186,-0.14484517359318394,-44.49584373239975,-15.287473157947309,-16.890429908751983,-0.20378171983598495,-0.7666556810550569,0.007596008954569038,-20.640314466677474,-52.057624180928684,18.671228411961568
-0.023280506545372195,-1.1249246557525714,-0.1237417287339874,-13.780504661913222,25.586698984819034,94.04071915055002,-0.12353562184942365,-0.5404037816894031,0.8052272400980974,-93.0170682058453,11.475430956534826,-5.3309889750851065,-0.08148169663452993,-1.0752775271600228,-0.2770791543138327,2.8809906604945943,-3.9174065252743264,74.5805479859154,0.47753985547650046,-0.9159821221667126,0.06781043786687575,-3.355104716085238,-110.77861406389974,382.7335054289058,-0.41425673834201,-2.8096297134120487,1.09840857082419,456.20688106417856,-27.022663583870305,53.12921046722479,0.49829318741031103,-0.3259476746075053,-0.13536495399717036,-44.09019579559433,-6.587436459144378,-24.640589242835382,-0.20523505306204096,-0.7841895348308894,0.012455669208112493,-20.673690290478245,-50.61907360811971,18.18458987206828
-0.03918527877304844,-1.1307962988779163,-0.13660844782500048,-14.915229123114916,22.233399148673794,95.89669051922577,-0.12090331669461143,-0.5475425538220757,0.8026015208572079,-99.25787386368026,11.681613956086924,-6.441285046911204,-0.06793562683738276,-1.0730110054956348,-0.25892061215982515,6.213705927311121,-11.801808928732044,73.53401220862499,0.48903733780097325,-0.9739920562934138,0.017085036109595414,-3.331811269608793,-132.39635459732744,373.1898655939765,-0.3504966088615003,-2.9198194426928064,0.9000438530530427,458.6371752825107,-31.1125465563632,68.30913809757624,0.4731020118437724,-0.3719507958241607,-0.12389658158426087,-41.89841388198561,1.4931461331743208,-31.484009890938975,-0.208495351673191,-0.8011676903704487,0.018163679530617538,-20.934452278126866,-49.538782322801055,17.085311923139365
-0.050916601873880855,-1.1394954510688537,-0.147287778314646,-15.965108397766752,17.783691876092394,97.90817806209557,-0.11782695928808992,-0.554715736094827,0.8018401845947588,-105.84516496758052,12.060187419642773,-7.459629719169224,-0.04785750071023397,-1.069658973376195,-0.2470464202899496,8.648841415843114,-18.993724758218093,72.29379336662376,0.5214875270325067,-1.0267301622073075,-0.05998342512576699,-3.2791324320109023,-152.41776728272998,361.377620522675,-0.2505538980150218,-3.015227531193967,0.6455652144940209,455.51923701531945,-29.905694101709397,79.42723300662125,0.42650818096402404,-0.4251355965208277,-0.11294618884929712,-38.04168635841081,8.832075961167996,-37.09507901314314,-0.2137843944500042,-0.8171909384669283,0.0245189134504798,-21.40972162907305,-48.858779353958695,15.466887109328464
-0.056598523842920224,-1.1514380392357206,-0.15466190231805277,-16.937142372805063,12.30626861784798,100.05295746526156,-0.11450203428216094,-0.5613809313107553,0.8033059617120428,-112.81087742842685,12.571303235033946,-8.381675782680452,-0.020228775676458772,-1.0656849078513395,-0.24195108113667743,10.075198962226489,-25.140573194748995,70.70270468994909,0.5773252411404103,-1.071010713547947,-0.15922276853939785,-3.3038469703394076,-168.10378499651603,347.3006464832585,-0.13640083418719073,-3.09933874690055,0.3397397820369211,445.24731024661804,-23.302199475156506,85.39334586520816,0.35580569918083266,-0.4830965996331119,-0.10459238517339706,-32.8785816486768,15.466868737235187,-41.14861231792913,-0.22085716791988463,-0.8313894554227069,0.0308588824354168,-22.035816246926544,-48.40713185374014,13.461865588532667
-0.05403332790897114,-1.1678745016496201,-0.15734408987915305,-17.85770930461176,5.906015617939816,102.42234621814298,-0.11115865465190089,-0.5674066937983082,0.8077994731608088,-120.32701974458855,13.179142497024003,-9.18916490340662,0.015313432227674716,-1.0618788954078322,-0.24308544654471836,10.498214617548708,-30.043347867067975,68.76218139643909,0.6597130058320442,-1.1031855229529104,-0.27286899904956563,-3.4504890376284387,-176.55889192411055,331.09939515943597,-0.03214978334045229,-3.1831061369575755,-0.00818539619324051,426.9388003691246,-12.285100519561553,85.51527460695227,0.2590702935487451,-0.5438648041688529,-0.1001692966076604,-26.988556511877665,21.58719858268187,-43.29925344123394,-0.22967773087855634,-0.8436912676007841,0.03639713301396002,-22.792685725225823,-47.96369185239785,11.22144987879309
-0.04182457956513472,-1.1881735329444911,-0.1541606804811892,-18.72112510828668,-1.152019183699716,104.98417253143928,-0.1078915416041396,-0.5720846196845039,0.8151170608580556,-128.28910596493765,13.825841433635192,-9.832296670899666,0.05748340099479166,-1.0578031284074894,-0.24870960130818817,10.025972537678788,-33.60539705265934,66.56582184616062,0.7700967803794753,-1.1183776638006764,-0.3912453725983506,-3.6506029117044494,-175.4179539508179,312.99717992230404,0.04425188413572806,-3.2756331916750416,-0.3799545031588205,400.8575702897647,1.3092975509592504,79.70709241146243,0.13792163781258046,-0.6044100337013524,-0.10010764711713929,-21.084625091734367,27.337707929437745,-43.256046515772205,-0.23998392200989102,-0.8533921032474913,0.04053290058452209,-23.665271775740344,-47.32964176235165,8.907866871672121
-0.018604885760448307,-1.211592906165544,-0.14461810888513513,-19.575129028573297,-8.675842690277769,107.82252527564067,-0.10477204297925687,-0.5752626457132821,0.8246124974021286,-136.87659156548756,14.463377324274052,-10.267454295856643,0.1050137956206776,-1.0530570670518666,-0.25641746502594237,8.916798416676093,-36.03950530722622,64.2103073450732,0.9082561244814331,-1.1121743092531606,-0.503819643917395,-3.9026671572549207,-163.18859530671784,292.5236074144185,0.0831601197792175,-3.3851155497197967,-0.763811621687428,367.60793454833055,15.651725543122456,68.8383752834958,-0.00609209989971392,-0.6626327924730784,-0.10393482920507653,-15.788956067523376,33.07302257126312,-40.879689889496525,-0.25193750273771187,-0.8601037882653861,0.043095100515471656,-24.686658685575424,-46.45412480799454,6.637169161656644
0.015602360419937929,-1.2367204901726792,-0.1293011924981053,-20.450653443732342,-16.309133886897673,110.95297526425036,-0.101834176378393,-0.5773482671769383,0.83506102302693,-146.0382059134232,15.039215993726465,-10.450416209685702,0.15545815183248696,-1.0478184690225198,-0.2640499107066223,7.458568496364442,-37.614996393768145,61.87725435679025,1.0674927596703927,-1.0814941565014426,-0.5970442188008646,-4.343365616674122,-139.89607041831343,269.69201630861045,0.08328646688155583,-3.509716268940274,-1.1455581360540963,329.154987232512,29.26174646864426,54.5354402182941,-0.16706119193273286,-0.7162770520337362,-0.1103151719589969,-11.586324703417542,38.934200291693955,-36.22958631937279,-0.26553819666582745,-0.8633683745020584,0.0443190287858605,-25.86686711747233,-45.476975733740645,4.523995354855633
0.05972019711823188,-1.2615361739029314,-0.10936280487489794,-21.3984864345479,-23.764973047415182,114.37895611390954,-0.09878328290993751,-0.5787271777436307,0.8445241573010803,-155.80980045303704,15.519705092643637,-10.358210108235903,0.2063543457836689,-1.0419985741795328,-0.2697161691559783,5.990934312904953,-38.71591300110039,59.63563609806498,1.231731716683308,-1.0268561879622708,-0.6545674942703716,-5.354215185062922,-106.94280475887179,243.93753569812844,0.04794674560202747,-3.6369146153519623,-1.5174287026938584,286.83767079101125,41.23000826265557,39.03595993940194,-0.33830056163397443,-0.7635641804214317,-0.11664851636087056,-8.607996810017342,45.01098339367485,-29.58986170905969,-0.2808927937519598,-0.8627290718022548,0.04450677214354772,-27.183159186849313,-44.61490008911589,2.6258035954291166
0.11148927591796275,-1.2851522654013257,-0.0866036959103733,-22.466478590730745,-30.764676580611358,118.15088137334483,-0.09544373946163434,-0.5800673487869589,0.8519983235855036,-166.26058928252542,15.927762695558323,-9.9955542421943,0.25505513686078224,-1.03659230796198,-0.2728294285550108,4.7986651345989415,-39.62005171779706,57.56017637893673,1.3767590880253604,-0.9548575791983863,-0.6615644665889793,-7.328756716503958,-67.19632399024746,215.1657606616853,-0.01718612243620695,-3.7501965298910274,-1.8706022193449705,241.9346456200365,51.137489567174626,24.60689201358771,-0.5115062042743364,-0.8028226285531566,-0.12005203198867902,-6.683769360294909,51.12908471316671,-21.41806495482047,-0.29813431558206444,-0.858867293918333,0.04347330630302148,-28.592023525972127,-44.114221182697285,0.9902582160585813
0.16782661400298007,-1.3062639974169674,-0.06275949268652212,-23.668297911170082,-37.133855133420745,122.2155022074751,-0.0915938493854105,-0.5812912268584493,0.8564365715729112,-177.35221996776153,16.330291740188716,-9.39950893939914,0.2990169078698756,-1.0314593265591423,-0.27345370161352456,4.087061514165426,-40.448490177546454,55.591966902957516,1.4737357301890932,-0.876230573160863,-0.6110746601041604,-10.426859218891773,-24.705621546214076,183.1978547428627,-0.10511459420765015,-3.83116512300416,-2.1949364620560425,194.77523260710902,58.85240022498521,13.098131041308676,-0.6781850677609493,-0.8313090237197529,-0.11804772282218724,-5.350782391532938,56.89834807429791,-12.287684029194212,-0.31671164144946723,-0.8524282207831392,0.04042982733608986,-30.02246373784647,-44.02129888858004,-0.36453828105098657
0.22637404622139753,-1.3254956399834168,-0.03863127825746078,-25.032012771587954,-42.899260846589264,126.67499371140772,-0.08719283900195021,-0.5825567171879298,0.8582208746179616,-189.32115662845922,16.850435963826286,-8.632533530783967,0.3359924208568796,-1.0262182607066497,-0.2723931929590939,4.003126786144287,-41.19147875812799,53.59212041143175,1.49643849381255,-0.8053633259115817,-0.5085177939200476,-14.513970015238282,15.456994602188434,147.89780593434583,-0.20866498474932357,-3.866225367427914,-2.474970015462355,144.83688562215949,64.29958943247242,5.863725007611766,-0.8286882304066334,-0.845147904853738,-0.1091678706439253,-4.052766106216797,61.72267507775288,-2.9121729910172283,-0.3356709579907801,-0.8455652963355129,0.034669715029684356,-31.473489259412368,-44.21890066607076,-1.4567745452892606
0.28447061660903344,-1.3425252952057976,-0.014529669504028498,-26.525192765147267,-48.05516275019566,131.45076429582318,-0.08246581028279608,-0.5832624442878093,0.8575577373053189,-201.93971216079376,17.56981441723793,-7.7675737104035845,0.36342953086590135,-1.0194013410698934,-0.2703093691666811,4.59859883170631,-41.69604516566888,51.42147064575009,1.431508436256446,-0.7546413781995847,-0.37158328361672716,-19.10079687038975,47.986090677275214,109.93852859329712,-0.31966384876244375,-3.845021366328231,-2.6883227043165587,92.26549405478126,67.23861305686265,3.6384377151919174,-0.9507717451325753,-0.8386687366905881,-0.09357944123601954,-2.3713370404927825,64.90194957536478,5.874078186129128,-0.35347814861313437,-0.8399376174784393,0.026350028373750764,-32.939629414870595,-44.49615523316824,-2.3058276892826286
0.34224200815186223,-1.358595859898352,0.010367427853904366,-28.16191093692054,-52.83523641634454,136.64365404164363,-0.07768823615199429,-0.5832496296397439,0.8555798464366653,-215.4764135453923,18.5516104228097,-6.83977873862217,0.37994346895687964,-1.0085388192281328,-0.2680877445485351,5.88602673190877,-41.790538462678825,48.789692311628095,1.2843881145422427,-0.7323141053959803,-0.22682700133433223,-23.631130907656168,68.94021741208007,69.51797604985306,-0.42988774844767214,-3.757100155047034,-2.808702186905489,36.292631793507695,67.44393212759378,6.498831983441545,-1.03296488897164,-0.8074429971243375,-0.07214641233017599,-0.20494491562523293,65.76078551195334,13.207173550485495,-0.3686789475788165,-0.8381861260612957,0.016483596105583264,-34.44618453674149,-44.75090753199855,-3.010720778443613
0.3996664225916531,-1.3750231235333998,0.03666682833892126,-29.925753846436287,-57.359373371832135,142.25003945496124,-0.07333294345181988,-0.5827282982560752,0.8535951592043924,-229.94352495892048,19.796785547147593,-5.8758648568531635,0.3848709870224885,-0.9917702336835775,-0.2666446333565214,7.795206954336434,-41.33452305973252,45.53623078243417,1.0796443443066055,-0.7397781387194053,-0.10172921961360848,-27.586343279390793,76.33478211311312,27.944691978415406,-0.5306458259779367,-3.59570209106384,-2.8087077290657723,-22.17527049249731,64.79790762584591,13.881678045662696,-1.0653030153374188,-0.7497675961360067,-0.04684422034624577,2.1048255953568114,63.860568283402905,18.249404665903807,-0.37996505314071555,-0.8425847281904272,0.006287265373930092,-35.973840844200915,-45.10607939221038,-3.659844581229575
0.4575415939607321,-1.3932504708220619,0.0648624115818849,-31.794891674539738,-61.77940484054614,148.22592526785357,-0.06982393089920536,-0.5823485346728801,0.853104429823224,-245.4870361215772,21.224542686251173,-4.876227618602511,0.3789380462809599,-0.9664715986167616,-0.2669199630918366,10.184696047852919,-40.231362335856566,41.407373309151204,0.8497994722651443,-0.7737407606976088,-0.018500268305044438,-30.719801920044368,70.74489829355693,-13.476763604338,-0.6127650114418018,-3.356030042489312,-2.6598830141858745,-82.05091168544013,59.66421166215917,24.376940515999664,-1.0418136743780446,-0.6699525810280914,-0.019526096102443283,3.876232464661401,58.94535356952383,20.31101455583193,-0.385578416498953,-0.8550118083162969,-0.003314339255965701,-37.4587906971452,-45.68926982039109,-4.384461724933466
0.5165377002395559,-1.4159462606495141,0.09442770828172893,-33.744364542115754,-66.1702655335343,154.57372967825086,-0.06724744896513163,-0.5835362518655759,0.85662427441718,-262.31576954560046,22.706827162762128,-3.8407611141494913,0.36395251951938246,-0.9317327517991251,-0.27000538580893263,12.855211781274098,-38.484546915230595,36.24125640069945,0.6243751807848366,-0.8302294707527506,0.011045233593393152,-33.06889653174522,54.64350954456648,-52.67639807401048,-0.6678066782191306,-3.045642521882303,-2.3326521316708053,-140.58232079449374,53.11573460042792,36.04346936996852,-0.9614173912537742,-0.5800489282861278,0.008540720152085844,4.263482559523636,50.999315635303766,18.934095716409676,-0.3838042329345568,-0.8777140036817579,-0.011646167707745571,-38.82159545102069,-46.51415538679519,-5.296056937154722
0.5768312505140301,-1.4443890851354224,0.1238961942678786,-35.704256014687054,-70.49250727008886,161.12519447041942,-0.06548354664270686,-0.5871736828834339,0.8655867959649832,-280.33991654202424,24.10068705113608,-2.761710991261754,0.3424017217336752,-0.8872825458417294,-0.27650016993073895,15.544850902640329,-36.154126609972806,29.929457002302897,0.42000139215995536,-0.9042087966968746,-0.012544009466478366,-34.88295158077974,31.95662568435243,-87.41693127178195,-0.6898683608745698,-2.6825726660901026,-1.8124932968061231,-193.9596546012659,46.50048366695241,46.72561610359751,-0.8292540240996464,-0.49763604732030786,0.03711659732016532,2.6084960630065437,40.2257628399741,14.103309523917556,-0.3730095698780191,-0.9113808108657033,-0.018019336858642366,-39.943046566068894,-47.28765832666629,-6.464557751194689
0.6390746381110939,-1.481474961146082,0.1510466111226053,-37.61395729874435,-74.69080422852043,167.85769856683382,-0.06495225304857173,-0.5964686200252428,0.8828379281691486,-299.92333063891925,25.24171455118156,-1.5897331664349745,0.31751383803502403,-0.8348821130879973,-0.2871750560688631,17.976529250792098,-33.31851409907378,22.2913800934628,0.23898092799387474,-0.9947551512220068,-0.07977844567905469,-36.59590041638771,7.343127094416133,-115.70624706149275,-0.6766956139738438,-2.3020556537673227,-1.1382813126918798,-238.8287682681412,39.94417072162646,54.49559857379713,-0.6560799414792851,-0.44710317323906607,0.06658514519559731,-1.3608728852612928,26.919722908420642,6.264541203934337,-0.35143568074244075,-0.9576574872252938,-0.020845434985607775,-40.69164461845647,-47.30778201875672,-7.911596099055967
0.7016639017539439,-1.527805528302628,0.1733164115722199,-39.35037202011473,-78.52810436873277,174.49681639523047,-0.0664219203612321,-0.6139613904281892,0.9101110063278303,-320.7728332120807,25.931922000388894,-0.32265271243188226,0.29243805144519425,-0.7777764009595923,-0.30212445370390334,19.88333163313183,-30.100519355023017,13.39726376591981,0.07514233019963462,-1.1044749346704208,-0.17507626279848496,-38.580382499186705,-14.824345665109261,-135.3911669343728,-0.6254693768569143,-1.949208778835053,-0.4132080040893134,-272.6681256158245,32.37094527484912,57.89474541457611,-0.45725739309515284,-0.45036868749240694,0.09677475104937376,-7.37957219959007,11.727521971799606,-3.7160396345852136,-0.31828251410443176,-1.0162861701747083,-0.018317665587577574,-40.9270728509834,-45.81122495382954,-9.564877872520768
0.7629520340969215,-1.5851100924539328,0.18763479708199737,-40.814346535197984,-81.81072247945966,180.9606304175379,-0.07029377847741194,-0.6444008766638233,0.9505552165331383,-343.1188163544522,25.833749778490144,1.148889788898792,0.26976514548144154,-0.719935490040414,-0.32094694466443935,21.105309766381467,-26.474120160067578,3.0234519732697045,-0.07892822045098526,-1.245070443841723,-0.2789825384637384,-40.77565698577324,-30.96013302333373,-146.06562271506417,-0.5359270771121715,-1.674373960890205,0.2619613455603999,-296.30821451096244,23.11758992786725,55.89224795239357,-0.25051746554103266,-0.5270292233921074,0.12651067884513714,-14.741577847862644,-4.724476241668711,-14.648485646035326,-0.27208010371338925,-1.0876914792177914,-0.007684379556703674,-40.424415495700735,-41.76199877095093,-11.303111150749375
0.8199377255727656,-1.6534034756541691,0.19111385193406827,-41.91227132152617,-84.32857033593102,187.11173729362096,-0.07635652991805553,-0.691618407468734,1.0055984196436858,-366.6946188467243,24.61049314435783,2.91208112406055,0.25128331193701187,-0.6663257113531847,-0.34227723532767756,21.591686429128806,-22.43806667697848,-8.809535631659033,-0.2177628736016697,-1.4255166735374012,-0.3736239264644924,-42.48415735437287,-39.01811527603363,-148.60555480783242,-0.4183451287693805,-1.534560425907307,0.8241283703392084,-311.83377683704293,12.978598963778273,48.46690297635949,-0.05574673323262022,-0.6855612891395158,0.15363770081010358,-22.482172411723027,-21.432479522969412,-25.198575302903112,-0.2124860915797173,-1.1699493064045312,0.013420316885264997,-38.981787532718194,-34.392171702151224,-12.936362529380652
0.8690651202226292,-1.7304190358058045,0.18121428182047253,-42.55822414497605,-85.89293096307082,192.7862661783673,-0.08344373119684542,-0.7601020627853333,1.0750271033609187,-391.0709877543555,21.95714131241866,5.139800960759635,0.2377559665885881,-0.6214731587703332,-0.36386672614842847,21.3843730831702,-17.906477029554654,-22.156135814230804,-0.32482983562124385,-1.6410087741780175,-0.4471330530799122,-42.85756941088989,-38.68042250742202,-146.18797633159977,-0.29868059954921106,-1.5730068624629254,1.2639841103539589,-321.08082108170464,3.2371627208288207,36.621344856309484,0.10755066377302099,-0.9226707494641123,0.17520378859023192,-29.526267024350073,-37.352795868351336,-33.94221110017312,-0.13990661840877933,-1.2591451590539282,0.04703590635023247,-36.38911766204622,-23.099138903101398,-14.260737018792435
0.9063228935763351,-1.8129734794316277,0.1557025627767282,-42.712861524341996,-86.37261804988017,197.93237199287066,-0.08979418959431365,-0.8545983633611289,1.1574245875299083,-415.6989852815143,17.7759989677721,8.052619735068802,0.22940780805303482,-0.5907321660440213,-0.3831584763187337,20.602652099808875,-12.844586779720826,-36.91627208546247,-0.3807227038666125,-1.871304933178506,-0.4943801967119815,-41.51865066523012,-31.40897181249887,-143.02661108844944,-0.21604155376674686,-1.7931869533209905,1.6020212418390738,-323.5394949010994,-5.165161899507663,22.16754752645733,0.2206188976480911,-1.2226563610444616,0.18738750681714486,-34.81231705611599,-51.400114093491766,-39.50733505097908,-0.05744732750093074,-1.3510712949947439,0.09367219223640921,-32.53918927555155,-7.8165360480057435,-15.108938498408031
0.9272214734467235,-1.8947747895936082,0.11299032057331515,-42.34290288516006,-85.60674089018524,202.34163374082019,-0.09458070018674333,-0.9751695938333347,1.2479049081356033,-439.40935175369634,12.219762684110007,11.803601291088475,0.2255021955370347,-0.5776628083762555,-0.39732480739635145,19.403836168679213,-7.290576081960287,-52.747783635993116,-0.3777717384800351,-2.0840291956018784,-0.5150534365893903,-38.62504250596486,-19.874243267677453,-142.7770227169826,-0.20160902117473395,-2.1393603746666225,1.860633945028391,-317.3006876977622,-12.410657569988413,7.276715848796657,0.2688192168387772,-1.5572683475084281,0.185686436973621,-37.381560754785916,-62.66908589796463,-40.75488175980784,0.029262817362680563,-1.439784560450952,0.15108639068103502,-27.4416296557969,10.85404049822855,-15.378139223670148
0.9259368094614207,-1.9704541388294174,0.052019638847057494,-41.44256140255209,-83.45672167375184,206.01884292961063,-0.09739085369505053,-1.1192202602225632,1.3429297850665822,-461.37993078567433,5.602692833170209,16.584510287909623,0.22461501303295603,-0.5866339483464736,-0.4046963448866938,17.918334461843067,-1.2328457667981825,-69.48639768108079,-0.3213037966618597,-2.241032207277423,-0.5133764954469549,-34.63773932719512,-7.3180416255327145,-147.5537271029899,-0.24820106170211825,-2.5167895619903318,2.049491599631758,-301.24542462141386,-19.671999909088324,-6.302172523451723,0.2467120231919633,-1.891000035087949,0.16339006377469842,-36.373169734016315,-70.9532647952506,-37.1191380229276,0.11412063266865363,-1.5194539180026263,0.21507734254266522,-21.184111469089643,31.896938561985536,-15.007132465474976
0.8969077807556113,-2.033396125138921,-0.025216705461799074,-40.00983315765364,-79.82855814769594,208.84298219894794,-0.09743023302756706,-1.2792659681991543,1.4381572516254408,-480.16253714947067,-1.6561904172423518,22.340522295691546,0.2251392169008932,-0.6199053767538348,-0.4047277766818124,16.240851880404442,5.16218405322026,-86.5257128629989,-0.22237409995280527,-2.30565289432011,-0.49531099910539367,-30.193864334424205,3.1623450081053774,-157.1039954239639,-0.3151886479574148,-2.825820867436464,2.1578650964541137,-275.8765204208297,-27.488096432215116,-17.328628847544632,0.15901458154845766,-2.1822768120512297,0.11417355864356424,-31.282848678514277,-76.45780896140917,-28.84979942343203,0.1902055542194674,-1.5816549788108805,0.27932583981751413,-14.098331763787495,53.71629702783128,-13.983998881071162
0.8334619650860889,-2.0780167571598533,-0.11467476982216408,-38.0586104011149,-74.69691319921705,210.84659783974172,-0.08860824362639842,-1.4493896312843606,1.53286063598844,-494.553868734996,-9.199133221302967,29.164966368725718,0.22516100474851786,-0.6804519694088883,-0.39850480423091417,14.376229765262808,11.833974186154787,-103.5264436542039,-0.08722519239451577,-2.25081215559026,-0.46994834461349383,-26.134341383456743,8.682423936161646,-170.09259757969016,-0.3480497539149009,-2.9846550137251566,2.172970077466168,-243.74067444960488,-34.79837239179988,-24.92317953985212,0.026948143067874835,-2.38839324270309,0.03322249504383456,-21.99111281931528,-80.26541561263666,-17.308510606663013,0.25175409875348087,-1.6189319641878455,0.3381882851138728,-6.619853808672569,74.61428646501832,-12.331139653876201
0.7289472035459736,-2.097859962113523,-0.20884200500045885,-35.665675482129906,-68.22472570127329,211.98426244984427,-0.06128536057562365,-1.6196628306845664,1.6247791732482633,-503.1881062047439,-16.325595408471678,37.173515082054564,0.22335424132963513,-0.7719526103769627,-0.38817646276344875,12.252314135136555,18.665279852046798,-119.95833715771158,0.08235738268570356,-2.068898185622466,-0.4469255154778725,-23.30021154166181,7.659846492078216,-184.23306408034628,-0.30436383677076007,-2.954404439491172,2.0879550206709463,-209.17110744070538,-39.44953148212374,-28.705858027405327,-0.1117440297510667,-2.4683595932910896,-0.07725360905749065,-9.107754016018196,-83.59135034311161,-5.0340371794531595,0.2930528860999726,-1.6255928500262766,0.3862408414125371,0.6496826480453041,92.28548288114995,-10.111635970420346
0.5845590513317036,-2.0895360105591574,-0.29874345524920365,-32.96012180190167,-60.84706857972034,212.23047726552352,-0.00844647761340353,-1.7799326116069136,1.7121929218957175,-505.6472600689249,-22.33610389458469,46.384310362966666,0.2184109221169507,-0.892967296620891,-0.3759848642116345,9.802430651060897,25.557262644768013,-135.4240112026082,0.2803010575695803,-1.7822176406653056,-0.43317330312082675,-22.023981647736843,0.5015790778457924,-197.28231580611822,-0.1864167306306373,-2.7542723307147954,1.9265918550392496,-176.9882851780386,-40.133869402770245,-29.199539798798405,-0.21537004566764165,-2.407026025517146,-0.20610046788747835,6.0040416571742465,-87.55728180251356,5.223987182539119,0.31220756176220926,-1.6015284432006942,0.4204567560846423,7.212277997703564,104.9574546828467,-7.4592220339733855
0.39661490735758814,-2.0474939121870763,-0.37135111948476834,-30.143214680563595,-53.265503826282185,211.46266615615014,0.08150682436181665,-1.9243398289338083,1.7940017724534554,-501.4146915141299,-26.052150182059894,57.257320842612515,0.2097164600206024,-1.0472039964498707,-0.3646355876531538,6.850414303181436,32.55501423342741,-149.757089546223,0.5032589592715587,-1.41408179358553,-0.4351652054256328,-22.180935993151884,-11.104307668229284,-206.89866257062658,-0.05217639322060972,-2.4401046920985388,1.718856239497083,-150.3072596259025,-37.048220556977704,-27.03942625909831,-0.23610157612307775,-2.193076811263386,-0.3363043341536792,20.999562507071683,-92.62773313725307,10.268599110193499,0.3088742105606887,-1.5506770052894834,0.4387224267498566,12.591091306938612,110.09851466924933,-4.507406361717922
0.18008910636688044,-1.9757229922704858,-0.41710687373586885,-27.49273450901926,-46.442035918571825,209.731662103993,0.20600813103969728,-2.0456821161933254,1.8692377547294243,-491.59702762481464,-26.891949261217125,69.33052440160135,0.19734396051592867,-1.2230496494584298,-0.35582864842218237,3.4919755714862473,39.362434854804185,-162.38977104915134,0.7330555918794178,-1.0095585745026627,-0.45223999538737614,-23.186063457429835,-24.39090119288343,-211.8206102657751,0.04001384000616422,-2.0804232461773875,1.497724534161331,-130.12370953713753,-31.825994058917935,-23.12045603900822,-0.16198953168744837,-1.8621027550684621,-0.450224201544403,33.3976176703831,-98.25898326414892,9.069961721073046,0.288025020837069,-1.4839188583223974,0.4422836651395685,16.494356165136775,107.21141181255902,-1.5382991763662326
-0.07270237537760399,-1.8692642626283775,-0.4294482657035824,-25.181168907097593,-40.83220853101984,206.71616796586324,0.3693708095392279,-2.141513772870635,1.9357348274236823,-475.71504005226615,-23.757515517663727,83.18187733356945,0.18167019780126323,-1.4252301848912157,-0.35093011361945675,-0.42139028497327535,46.17652637262838,-173.56731469784629,0.9699260461804043,-0.5708353458441725,-0.48737667420293673,-24.850604185106246,-38.15527693975852,-211.18523651380517,0.07028488770103952,-1.717633317651988,1.2814319243693657,-115.88497407316095,-26.190955902084347,-17.747282475058924,0.022174952067857842,-1.4143643468610836,-0.5434354946941636,41.382349347622636,-103.6479852537105,0.39141805988204076,0.2529920446398537,-1.4066526178504726,0.4318006834154605,18.879117613106608,94.76045271917155,1.3746162828825026
-0.32650801812644303,-1.7479174635931811,-0.41511828077662716,-23.422629736707574,-36.946509463133914,203.1121635040105,0.5459003180054778,-2.202202759614552,1.9901940483608012,-457.16642897468375,-17.70485497920765,97.31385556373695,0.1639916971165568,-1.6275695335323477,-0.34938036246809206,-4.396469016159999,52.4251053984341,-182.76548583572227,1.189168883230942,-0.1492828105941404,-0.5335288941117856,-26.92924152096733,-50.72207962759737,-206.59120496578745,0.06025163370445127,-1.4123441503256815,1.0983937686823557,-106.78122987812642,-21.65314638667191,-12.027422574454121,0.26679847644781995,-0.9291097462354274,-0.6131733121007877,44.872568727864625,-107.9144720303663,-12.871869633739541,0.2129539873588204,-1.331926703343023,0.4128760681537653,19.96909717460665,76.29404031927501,3.9348613910691164
-0.6074232546092398,-1.6009599790087436,-0.3763845063111353,-22.044650239431906,-34.09567874815835,198.330606801819,0.7453608487141392,-2.2378798552867827,2.0309084162047313,-434.11361003552753,-8.294000072251155,112.83332641184009,0.14507588934861654,-1.8479364826556748,-0.35113936310253624,-8.758049906507852,58.70056300544185,-190.9630038873783,1.4116679400338012,0.2922433177536436,-0.5946404570318449,-29.594766710674822,-62.98903286961558,-197.95575746675988,0.017030776707482757,-1.1458830184838447,0.9332698896588233,-101.00711453836433,-18.07515799341272,-5.728924249708104,0.5850036642796302,-0.37062954999928593,-0.6673477751271331,44.41150042721165,-111.14558126971356,-31.471813480204972,0.1665811414721996,-1.253679085630652,0.38504707318377357,20.041863130292658,50.75095429667673,6.378958599658215
